-191.33794,108.2179,42.350365,29.163288,3.3930974,16.948656,3.81698,11.139364,6.891962,7.737276,-3.8044364,3.0872724,-1.3232137,4.9240522,-0.7614948,0.9502565,-5.0238795,-3.7615325,-5.671005,-2.1686256,-2.8107228,2.0029714,-3.1828485,1.1557064,-0.4901989,0.9428414,-0.5937547,2.3480618,-0.3798376,2.264776,-2.2961776,-0.34453958,-3.9313776,-1.679209,-2.6125093,-1.1557173,-2.126275,0.40001667,-1.2476877,-0.26224485
14.191081,83.06246,-24.602383,36.35139,4.0999603,16.051195,-2.2432997,4.7926497,-2.6769505,7.779988,-2.083696,6.3450155,-6.282922,-3.1254349,-7.3829575,-2.985312,-11.092155,-4.7850432,-7.8752894,-2.8133736,-7.670534,-2.1309984,-3.825509,1.5889099,-6.464184,-4.273294,-7.958791,1.0904638,-2.8912292,1.7308142,-4.1187196,-2.9956005,-8.110118,0.34157372,-3.7721398,-0.13634314,-4.1649346,-0.04346447,-4.3998146,0.12651703
1.5085782,41.445366,-14.566009,7.5151625,1.7304378,12.121978,-2.6254277,10.698262,-2.783157,6.578595,-0.5316589,4.486424,-2.2435808,5.268768,-2.5699987,3.6969755,-2.8033252,3.589781,-2.6938522,4.1572657,-5.904398,1.2493829,-5.225853,0.10203036,-2.8608696,2.4540155,-0.804506,3.6901615,-1.0305539,3.1347766,0.18592206,3.5205743,-0.53956634,3.3570647,-1.3489674,2.0402133,-1.6282301,1.2791429,-3.167979,0.8979833
10.403166,79.171196,-34.181858,24.255848,9.897459,2.4124668,-3.5592475,8.90641,-4.6219673,5.446665,0.46030763,8.845055,-5.490748,-0.09635467,-4.3682714,1.0709158,-5.501342,1.0331429,-2.6120229,2.8153408,-6.3618464,0.71531504,-4.102458,0.5872752,-5.582399,-3.2227008,-6.194985,2.2185695,-1.9594536,-0.22257915,-6.351799,0.49777958,-3.8210945,-1.4380027,-4.076807,-0.120643236,-4.519996,1.3794858,-3.3084922,1.1802281
-122.733986,86.632095,5.901087,23.846443,7.0359898,3.6984837,-0.1847235,14.078994,-2.110057,9.577653,-0.8133203,8.049875,8.170387,8.908505,6.740214,9.711049,0.48572114,9.59588,2.0801215,7.7794,1.3997467,4.7616944,-0.8437802,3.861743,2.1880717,2.8402767,-0.70799834,8.286446,3.1029227,5.0871253,0.39659327,5.5507135,6.119926,11.109574,5.827381,5.7457504,1.246347,1.82942,-0.66934454,3.1987545
-335.73608,114.8069,28.954134,24.975891,10.031846,9.442531,-2.0590825,-1.143785,-7.5126038,-9.409367,-6.057193,-4.2649536,-3.9073339,-1.8875703,-2.4025376,-4.5933065,-2.9624908,-3.451276,-5.1073985,1.8350759,-0.2160345,-0.36390623,-4.0120807,1.3796723,3.2704117,-1.1273715,1.4252062,-0.9389477,3.1080909,1.419837,-3.4293854,0.7385862,-1.8094773,0.44430512,-0.95203125,-3.9142997,-5.8011355,-2.416648,-2.5989466,-0.8679838
-95.42105,109.206535,34.953815,17.30548,6.940138,17.845,2.0479467,14.020115,-4.5973682,13.399296,0.01303195,8.184679,3.6301413,4.1743135,-5.1466827,8.37224,-7.6355653,1.525053,1.8834016,3.2374036,-1.6737199,5.6378655,-0.49872118,5.695082,1.21907,5.447968,-0.72418934,6.9393897,-0.30405352,-0.35181075,0.31963482,5.572453,2.6293716,4.361926,-1.0631527,1.0329537,-2.0254695,3.9022894,-2.1656682,1.9998401
-69.30465,73.680145,-8.372508,19.854012,10.992222,-8.099468,-8.061733,-6.1750665,-9.19695,-2.6371691,-4.3615804,-1.3963145,-5.045681,-4.3740172,-5.7652493,3.517055,-10.132092,1.3816254,-6.2826176,3.786855,-6.3299103,10.23252,-5.782696,-2.388738,1.897368,-1.2565783,-4.4881673,-2.2119932,-3.333547,-2.7305195,-2.3103633,-2.2657416,-8.025608,0.24174911,-11.431623,-1.3233608,-7.2829704,-3.0320847,-2.6284232,1.686321
-116.37021,92.29911,20.855568,25.375547,22.607153,30.301174,-6.84712,13.036774,-9.737135,18.320814,10.101857,2.7168722,-0.5584896,12.513367,6.7441883,3.5824873,-3.2086787,8.186064,5.19365,1.3650327,0.8296488,3.470986,-4.3185,-0.22016458,-2.7473474,-0.7873929,2.5777562,2.9966226,-1.1888652,-2.2655344,-2.1914937,-3.3162172,-1.730929,2.6498382,2.9266882,4.9862914,-0.56035906,2.1063917,-0.9033341,3.312629
-36.313545,95.37186,11.452841,24.118511,7.0047007,8.494131,-0.21953723,8.557694,-6.513501,10.7986555,-4.275847,4.4435024,-4.6800385,5.4958014,-2.0143595,-1.1888933,-2.8756685,2.5187173,-3.945074,-0.88014436,-5.9820733,0.1224806,-4.249336,3.277259,-1.3046918,0.29210213,-4.089814,-0.79803336,-4.851514,4.0609903,-0.6327204,-3.689162,-7.539747,-3.0492504,-3.86904,1.9836959,-2.447192,-0.09915712,-7.9053655,-3.1586978
40.385025,72.964676,-35.809586,16.668898,-5.040335,7.7437778,-4.1501102,-0.42530912,1.1691862,10.263299,0.28222528,8.687086,-3.5474434,3.456825,-3.2846687,2.448649,-5.6481576,0.09867956,-1.2384869,1.1986492,-8.886584,4.3987627,-2.4453466,-0.43818745,-6.2427225,-1.8693428,-4.8282504,1.678936,-7.2330537,-2.3856447,-6.1402617,3.5943964,0.4722152,1.7598172,-3.1285965,-1.9517796,-5.6781206,-1.1452675,-2.8134644,0.24154933
-104.83958,92.809715,36.790047,42.666664,10.35807,18.46694,-1.1958146,12.956741,-2.0511515,6.1045775,-0.31926078,3.5598996,-1.3293793,5.5847926,-1.0094626,1.5888559,-6.1114955,1.4000638,-5.5760894,0.10307518,-3.5412223,-0.7449476,-3.5677025,2.46909,1.0063497,3.48201,0.6119639,6.382746,0.5831559,0.9540445,-0.6643346,2.247316,-1.8112589,2.2879233,-1.5000408,1.0442615,-1.9507571,-2.2053874,-3.7333152,-1.6461043
-64.96234,107.22395,-31.273462,41.685116,-1.1019591,6.556252,-2.3410273,5.674203,-6.7587695,8.188228,-4.4415517,2.443621,-2.4790065,-3.7791204,-3.4400513,-2.2435691,-5.8806815,0.20989166,0.42257982,3.3471904,-4.384999,-1.2492404,-7.649606,-2.21691,-6.8387084,-3.9598756,-3.8913999,0.89971536,-6.852879,-4.949367,-7.593715,0.01006636,-1.9177608,-0.24813782,-6.010138,-1.2991636,-3.6411288,2.529343,-1.519239,4.995311
36.089226,65.359695,-21.725927,29.743856,-0.9732327,14.518144,0.36624607,14.160833,1.5622123,13.365707,-0.45499513,12.4498005,1.9351002,5.4811234,-1.1106446,6.174115,-5.5252156,6.475749,-2.5269156,6.668563,-2.3380108,-0.48688018,-4.3194814,1.4429569,-3.6333377,3.074673,-2.7710629,3.5286205,0.2937864,2.0669181,-6.6634192,1.9344414,-3.3745458,1.0427938,-2.5032578,1.4729755,-4.1048737,2.2645915,-0.812929,0.48078743
37.240566,57.95455,-21.37601,44.373394,5.486992,14.451141,-4.4268394,7.6925187,3.1500802,9.0421915,-5.6665387,5.337394,-7.64697,2.0287313,-0.84634674,4.153467,-9.312274,0.9326956,-1.6403621,-1.5393794,-6.903448,-0.17961141,-5.129628,-0.35651323,-7.060836,2.8101993,-4.425213,1.513614,-5.59931,0.121323295,-5.548006,0.6072829,-4.793281,1.6793413,-3.3413694,-1.3090729,-4.2289906,0.2226187,-4.2528505,0.43032208
25.394114,80.24812,-5.1931167,22.891663,3.6485372,7.459004,-2.8602636,9.985879,-10.368381,2.5774996,-4.4714093,2.9000874,-3.1164637,2.0913079,-5.7180514,2.5152097,-0.30536398,0.39268705,-6.845348,-3.9834151,-5.1410604,1.368397,-1.4408542,-3.248656,-3.3406568,-0.2704516,-3.58683,5.4348464,-5.665718,-2.0475154,-2.6180763,3.7730532,-2.9320667,-2.0000196,-8.243572,-0.5857129,-5.1381044,0.92568094,-3.1780193,1.1707742
-50.650803,93.32134,-22.732464,41.164394,7.6099515,15.34529,-10.157825,9.53536,-5.3920646,0.8886454,-8.997728,4.865074,-5.551456,2.144315,-4.7126637,2.8682644,-4.030807,-0.5915492,-5.1809654,3.5038257,-4.7661805,-1.0624058,-6.4264827,3.1049936,-7.3423743,-3.2131543,-5.672069,-0.38607076,-6.980291,-2.0970376,-3.2593265,-1.3429085,-4.500767,-4.215262,-5.589649,-1.4069399,-7.9241805,-1.4309268,-3.8351567,0.3537605
-154.32315,111.19804,2.3698037,26.581593,6.222062,8.947855,-5.0080047,3.3095915,-0.29788712,6.7094636,0.57464254,4.2746825,-0.07454665,4.309752,-0.60936016,2.7653906,0.37069076,4.6405554,1.1672978,3.8677998,-0.89697343,1.3459455,-0.3308094,2.5998113,-1.6552677,1.5314071,-2.7629244,-0.08437364,-2.4075198,0.37773284,-1.9681665,1.5870309,-1.6729898,-1.8649337,-4.6876287,-0.67258865,-2.331421,1.9954433,-1.191908,-1.5842352
48.924892,81.59661,-20.931753,29.24555,0.17496853,10.794689,-0.5682564,7.85752,5.2133865,5.996717,1.6479373,5.6838846,-2.9101532,2.0167012,-6.742071,2.2146215,-5.1136193,2.9766638,-1.9660059,3.6377165,-2.7502055,4.962078,-0.4520502,0.27459848,-3.8618515,-0.8521294,-3.773191,1.3894069,-3.3528929,1.5617108,-0.682927,0.41643757,-3.8369954,-1.7365797,-4.755984,-0.5703669,-3.4632473,1.3942941,-2.0376759,3.2298293
-76.35669,76.81522,20.038519,20.791283,5.846853,15.843974,5.663775,6.9918942,1.1311977,8.612802,-4.3572707,2.1386108,-2.6486917,5.725241,-5.8882065,4.320509,-2.0858414,5.2488894,1.2593713,7.5176334,3.3875117,9.2655525,1.3739723,4.642994,-1.7433995,4.296839,2.4897413,8.658682,0.38529813,2.102672,-2.1246195,6.8157372,1.0652857,3.6553438,-2.8412435,1.2256916,0.14068021,2.727677,-0.24727876,4.398816
-89.461784,85.11524,-2.0462081,14.638847,2.1430001,3.8945842,-7.5408597,-3.8002794,-8.062143,-0.91633356,-2.957509,1.9423063,-0.6791635,2.4859872,-1.9593209,1.6724491,-1.6269757,2.571216,-0.26580623,3.1414008,-1.8461744,0.81796426,0.114168786,5.5239196,1.8516397,4.109243,1.0578536,4.7046595,-1.199373,0.9981777,-1.4722388,1.6783737,-0.36578682,2.8811362,-1.4835092,2.571285,-0.8126502,1.7917756,-1.7864894,2.3467
-46.06214,81.27973,24.054115,24.048132,7.8828497,14.914274,1.5662106,22.856958,-5.933005,15.336406,5.1718044,12.086281,11.214012,8.372171,6.885949,11.632061,-1.5744684,8.363112,1.7269552,-0.18630493,1.6327485,9.24615,0.98626405,4.5458374,-2.5069153,0.041179195,-5.196405,-1.9678826,-2.372087,-0.16304626,-5.2925296,-2.04696,-4.535177,0.5999425,-1.9688615,4.660033,0.9545766,4.5843935,0.7059326,0.66649747
-30.385437,79.47501,-11.73724,40.543076,10.3892975,11.185603,-2.8613591,2.0987961,-10.129309,9.070034,-1.1425656,1.3010747,-0.23673217,3.297902,-3.571749,-1.6724255,-7.603994,-0.828181,-6.073288,-0.44264737,-7.814479,-1.2497824,-6.2637334,-0.41026986,-4.264904,0.5977321,-3.2050886,-4.4363685,2.276708,-5.276113,-6.234128,-5.0864687,-4.784205,-2.2608366,-2.2246492,-1.1023433,-5.387949,0.3197179,-1.4685628,-3.2155793
-83.74909,76.37283,23.801064,30.588943,20.445845,18.874111,10.6054,14.336651,5.7702756,14.538499,4.173474,8.939717,5.7613897,4.327498,2.848363,11.259137,0.22626637,9.562106,2.4436417,3.300986,1.1136178,7.0221286,-3.3560507,4.67126,0.00048505116,4.0388074,-1.1340257,3.6589696,-2.6870015,-0.4411525,-1.4861188,5.026551,-0.9311357,4.583847,-0.0067040175,6.8323517,1.1115655,6.6827955,-1.2989998,2.0111175
-77.52686,86.70823,-19.561504,29.565054,6.2364016,11.330973,-1.3281653,8.85939,-2.715947,4.560002,-7.0038896,1.8201458,-10.344816,-0.41657034,-2.5256824,-1.7765205,-11.618397,-1.290576,-7.1439047,-4.706741,-10.957703,-4.1353116,-6.674451,-1.4917552,-7.2360992,-4.820877,-6.480164,-0.79518443,-5.322904,2.6922302,-1.2605417,0.59784704,-6.4711785,-2.5247233,-4.2032647,-0.6739617,-5.0907545,0.30942765,-4.4866447,1.0818653
33.018456,64.91156,-10.160906,32.304478,6.6230536,16.083698,-7.8876014,7.413414,3.670151,9.596858,-4.3501315,7.055813,1.6843245,9.006718,2.2162015,8.809889,-1.5149474,4.7852483,-3.3792675,6.265017,0.28317004,3.425121,-5.720418,-0.46975377,-3.5504925,3.3690057,-5.351893,3.810193,0.9094537,1.35702,-6.554107,-3.2270637,-3.7658057,0.22614838,-5.9943123,-2.9123166,-4.883245,-1.7071779,-7.458332,2.1006374
-145.14978,91.191605,10.708749,13.456603,-19.918531,18.835672,-3.701706,-12.315559,-24.501162,-9.988452,-12.010122,-2.4099696,-10.716103,-0.97839004,-4.6170893,7.5208344,2.4666972,10.307127,0.07492798,3.6744604,-1.4784207,4.4380584,2.0732863,3.932249,-4.326886,1.6807659,6.318619,8.549127,4.813355,2.5909133,-1.5446111,8.053979,11.278059,9.075328,4.757216,0.1320657,-5.0169578,-3.8851678,-1.9937906,-0.30669475
20.518684,66.90482,-20.35425,40.296917,12.152923,11.301924,-1.6277124,12.652813,0.8372824,6.557168,3.1838694,6.8579736,-5.102671,2.0036108,-2.7825155,4.140799,-2.861856,4.998494,-1.2504698,-2.3933754,-5.3241997,2.236131,-4.519773,-1.7997317,-8.751631,2.117574,-4.195566,2.419157,-4.1567116,2.07296,-4.0638213,-1.2120682,-4.860092,1.6801419,-6.051974,-1.5979818,-2.4388838,-1.2217537,-1.8786719,3.0520751
-22.976246,72.32937,-3.259964,25.37403,7.760201,11.058642,2.3063502,8.866671,2.973381,10.222545,1.0807521,0.7016668,-2.4274442,-1.2461418,-4.2388086,0.48071507,-6.7754345,2.2954853,-5.183241,2.4679728,-8.138966,-4.307443,-9.356353,0.4091792,-3.4847898,-0.6514251,-7.5937967,-1.7072697,-7.087957,-0.67269766,-5.7017674,-0.14108029,-4.064948,0.78363746,-1.8035476,2.1025772,-5.946788,-0.34723273,-5.649402,0.21768406
-24.945309,101.02544,-4.5559454,17.918036,5.136924,5.9282503,-8.162049,5.2949023,-10.103273,4.1157846,-0.9755961,3.1741354,-4.0110073,-0.52951264,-1.8389734,5.069435,-4.163273,7.160185,-0.3345651,3.9860835,-2.5399022,3.5152464,-6.1455193,1.000478,-4.087272,-0.73486763,-3.0642686,-1.5906382,-6.885816,0.53491306,-3.6285014,0.52625877,-1.1989944,1.6403515,0.112690866,3.563975,0.23794208,4.686526,0.7622229,1.7822651
56.155827,80.05206,-24.714891,28.585907,-0.18854544,13.471408,0.03747646,5.655098,-1.7256199,9.440125,-0.1531389,13.126109,-1.1937352,1.5459087,-4.153209,2.1764128,-7.5102267,2.7317932,-4.2831607,0.7047296,-5.18966,1.4695929,-4.919197,0.3445655,-6.273662,-0.82406193,-5.9977036,1.5694265,-3.2619655,0.39406472,-7.3344183,-1.4098681,-5.444898,1.25756,-2.0156662,-2.1407878,-6.1764956,-1.1356715,-5.5169535,-0.13637467
-188.85718,111.64124,-15.51499,32.82245,6.0934396,11.725353,3.4691248,-1.3568038,-5.447883,-2.3850513,-8.8141775,0.6222925,-9.157562,3.886263,-9.328538,-1.8883122,-7.2282224,-3.501824,-5.3643355,0.8923869,-7.5109835,-1.3862431,-7.6319714,-2.2794714,0.14837638,3.609388,-5.7680464,1.8301666,0.7480546,5.5745587,-3.681463,-4.7931976,-10.744581,-3.2328384,-3.710518,0.44876203,-1.7010857,1.6315585,-1.0813415,-0.72060543
-30.694714,94.36207,-26.511171,17.072458,11.790296,-0.14835766,8.242772,18.377825,2.7505097,4.8034067,-1.2745445,1.7864302,-0.524792,4.160085,-4.029078,3.4788384,-7.224227,2.786363,-0.6397066,-2.7516634,-10.559002,1.696177,-4.258797,-4.239165,-5.6758633,-0.16788608,-7.8856893,0.95022434,-4.0875497,-9.258618,-5.6917334,3.7342143,-3.9265842,-2.1185143,-3.2710278,-4.2210145,-11.188908,1.9481825,-1.9162847,-4.5230527
-29.76882,77.63886,-15.179786,41.044052,0.1903647,15.30261,-1.1334778,11.736906,-4.2121134,4.5423427,-0.9240923,6.452642,-2.9419196,4.726782,-4.500498,2.4512482,-2.059795,3.415587,-4.9898653,2.129708,-2.1881938,1.0792879,-5.6153984,-1.9336897,-6.507846,-1.1486228,-6.3426003,-1.2565422,-5.9030066,-1.0069072,-7.424988,-0.8482651,-3.5551693,-0.5860901,-3.3398418,0.6918182,-2.8929088,-0.27950895,-5.4009237,0.1899098
-99.01566,110.23197,9.482452,18.250877,-9.418506,-7.170003,2.4930174,5.3636155,-20.690008,9.084755,-6.0778694,6.8559403,2.2740898,-3.7538114,-1.289975,6.55627,-10.121951,1.5649343,1.1733065,0.10448369,-5.626441,-0.23478614,2.3758569,-0.2882442,-4.1489625,4.6815324,-0.9924325,-1.0683767,0.16088371,0.5211673,-1.1420374,0.47825462,-3.536977,-2.912341,-3.2311316,-0.7773689,-2.5409498,0.24344188,-2.890292,1.864448
-26.526026,63.40226,-6.1572146,40.52556,0.09899014,7.077483,10.746963,9.079122,2.864177,7.0063953,-0.11936894,4.2132187,-9.399357,-5.525018,-10.283839,-0.72481084,-9.4123955,2.3599129,-0.82510555,4.3362913,-4.5301156,0.44185987,-6.5299044,-3.211181,-8.759024,-1.0903213,-4.55437,2.255817,-3.1919005,-0.8020326,-5.851869,-0.5110139,-2.7075052,2.9999795,-1.8812466,-0.5083608,-3.4866781,-0.26571593,-6.378436,0.6874738
-57.909565,77.86651,-13.669069,41.494324,5.109994,7.2618194,-0.089096874,9.968871,-7.8036594,6.9394503,-6.0141754,0.44347885,3.3882327,-5.1103086,-7.308837,-0.5488751,-8.880666,-4.8431716,-6.6469135,-1.7506092,-9.568496,-2.2958202,-10.870595,-7.044134,-7.0570593,-2.9575028,-6.1599026,-0.58573973,-5.2813544,-1.6822975,-5.5747914,0.4895963,-3.4114602,2.4119895,-4.324831,-1.6533406,-6.4047036,2.2308853,-3.3644657,-0.7241154
-39.224514,86.69234,-2.5835862,35.96379,-3.7720368,10.653847,-2.4828336,17.192427,2.7959883,6.6055217,-4.1106405,4.747413,-2.5185504,4.217633,-4.2672668,2.175876,-7.329485,0.03028369,-8.213036,-3.099288,-5.910607,1.699239,-5.2101336,1.9543988,-6.0486693,-1.0045856,-6.202833,0.6046005,-5.024253,1.8226602,-1.9928705,3.5263503,-3.6213365,1.0132098,-5.4481645,1.235423,-5.2546744,2.5289912,-2.4327614,4.06444
-135.53738,108.58765,-12.130402,11.149282,-0.9886095,7.2058053,-4.428494,4.636423,-2.5494735,5.257722,0.49718478,5.8225975,-0.013150336,2.6845105,2.0825946,4.3081074,3.1672227,5.6299796,-0.23357247,2.9759276,0.18943815,5.2433786,3.1405606,1.282883,-4.586575,1.8424405,0.74760807,2.637601,-4.416488,0.7450239,0.12552543,3.12928,-1.0660913,0.6142662,-0.5084971,1.8259629,-1.238468,0.13360004,-1.0687343,0.32146984
-54.853928,77.39025,23.582478,22.701735,4.613022,7.433697,-9.479471,9.021449,-1.6542848,-2.5548985,-1.9184796,3.5542095,-2.6212845,3.9069786,1.4226562,3.32414,0.25751045,1.5675446,-0.7951659,3.4388983,-5.094387,2.065553,-3.4327297,2.1057336,-3.8139014,2.8102157,-5.356441,3.4186592,-2.8102813,2.522743,-3.70232,3.1134584,-1.8542212,2.717411,-0.93374944,2.3836875,-2.0203943,3.0522153,-2.5563557,2.411352
-101.87911,102.47549,-11.473252,18.083849,5.2068233,8.296007,-3.2733362,-2.1294572,-5.962859,5.2682695,-3.0149581,0.5284276,-5.671663,0.19526842,-4.2693844,-1.4687593,-5.6209807,-1.0137105,-10.1886425,-0.5805353,-6.6325903,2.4545267,-2.7016318,2.9023502,0.30884686,0.60329443,-2.141451,3.1647289,-3.9053469,-2.1973546,-0.56514853,5.110884,-1.733979,0.2699319,-5.2198663,0.33067158,-4.647627,3.0078187,-1.9648143,-2.563713
3.0961509,75.06296,-15.277215,29.69772,8.966945,4.733185,4.952916,12.185403,-6.9108896,11.15723,1.9265424,6.631749,-2.5279372,6.5716867,-3.0084352,4.5062537,-2.1177273,3.567678,-1.07308,3.8584838,-4.45366,5.8598504,-0.15073104,3.6853745,-0.7019397,1.1361281,-4.943063,0.009375322,-4.1655555,1.6258154,-0.7415783,1.9647982,-1.210714,3.4751737,-1.8236898,3.1757114,-2.489205,1.8578598,-2.649848,0.74049914
-231.64323,130.77988,18.033607,45.11941,5.7874894,27.02273,1.4903733,11.252106,5.7380743,4.189664,0.75939703,-2.154896,0.83812684,3.0982351,0.123668544,3.0349984,-3.5716922,-0.0648394,-5.18332,0.6437976,0.6683863,9.594678,10.314727,7.715979,1.6207633,-2.4360662,-4.9660864,-0.84453213,-1.9282081,-1.6639378,2.195872,5.441599,4.4664235,3.19793,1.7991066,0.061312217,0.42916498,3.4554977,-3.6213405,-2.3285003
-51.579758,93.786,11.582736,29.50771,13.402734,8.388638,1.2936358,17.557974,1.4182814,14.434361,4.7893295,7.9148426,2.6458979,5.5838733,0.6920279,3.4544127,-2.3021882,5.1417265,-3.489858,4.5944667,-0.7732823,8.054417,0.34021392,7.453102,4.0025682,4.545889,0.91926146,0.86889905,-1.3362793,4.0379386,-1.4108057,0.9682483,-4.8408394,1.216087,-2.1303525,4.3292565,-2.2642753,0.67008346,-1.5003569,1.6191932
-73.55985,93.618996,7.8471355,45.543278,5.8041563,5.04165,8.012375,7.751619,0.5173206,6.262155,-4.7988076,6.2857866,1.3478035,3.6357143,-5.9273353,1.1487982,-4.5604978,4.046463,-5.954687,-4.967235,-2.8566482,1.1335665,-8.94865,1.0787838,-3.929643,-0.67232585,-2.3630617,2.1008835,-6.3145304,-0.60772383,0.6841972,1.6089933,-3.9984512,0.95956045,-2.0529077,0.7692332,-3.0561757,3.9057412,-1.5743556,0.76325065
-33.817303,78.204506,-25.425177,32.20403,-3.906234,16.175877,-1.2726995,1.568247,-7.8567433,5.1228056,0.4365086,1.4659556,-1.780278,2.019471,-8.761047,3.081962,-8.434604,-1.8827418,1.8363354,-1.5428905,-9.919388,-4.111369,-11.151036,-1.7756855,-8.753051,0.3310638,-1.8506186,2.5761976,-1.315205,1.6342849,-0.25111413,-2.4759142,-6.927612,-1.1418219,-1.8371563,1.9840431,2.9840367,6.435772,0.52495235,-1.299881
-60.376717,84.16488,-2.863568,10.014738,-1.6140649,9.28947,-6.846646,2.802133,-4.947214,1.8786916,-4.7705727,1.3142838,-4.799101,2.1993885,-4.8283153,-0.018531611,-4.3531823,0.15032089,-2.4193892,3.5703268,-2.722308,4.7693205,-2.6588695,5.5304527,-0.63998616,3.9545052,-1.1474949,2.7584386,-0.27252042,3.8734848,0.5547897,3.2379081,-1.3493685,2.3197522,0.5021372,4.817768,-0.2099294,5.0244737,0.69030535,1.0993794
2.823987,72.65506,-20.573,6.019166,2.710365,7.3699737,-8.459565,1.353944,-1.0653797,0.7928365,-6.1418314,2.5270667,-7.0369387,1.2090484,-7.7178874,2.4850368,-9.441133,2.563647,-2.7218263,1.5002549,-4.4425406,4.0420365,-3.143976,2.400055,-4.8223195,3.409942,-3.4339626,0.035275627,-2.9272792,4.5612493,-0.16405123,2.396009,-3.4396126,-0.21336178,-2.5384762,2.493248,-1.2201558,2.4558456,-1.7273705,0.89625174
-97.338165,63.690228,-14.024062,42.513363,11.592451,7.6460233,-1.6077629,10.1119375,-8.432273,5.6409273,-1.7063903,8.8053255,-3.7301002,2.1277142,-6.360876,3.7926464,-7.9315834,2.8298788,-5.6748567,-1.5418901,-7.683205,4.38645,-6.117649,-0.416729,-3.7380786,-0.60731417,-5.97687,1.016091,-5.8042583,-3.7639198,-3.6338956,1.9287238,-5.1565237,-0.4841157,-6.5700603,-5.240455,-6.5809293,-2.0102265,-7.2916837,-1.2999777
-27.900064,90.26527,-38.206867,39.427895,2.6976805,12.732468,-0.012800187,9.238516,-2.3587523,13.101889,-1.2602074,6.6955614,-4.944596,-3.7719357,0.05726822,3.0977123,-14.28725,-0.87443775,1.8547698,-1.0618755,-8.852099,2.217032,-3.8361313,-1.5409958,-8.347282,-2.6113632,-8.86979,-0.25986964,-3.3995173,3.4317458,-1.9903239,0.718336,-6.666336,-1.0437989,-2.606537,-0.7766795,-4.835391,1.2580308,-2.7041402,0.82888067
-89.95375,85.45194,-2.2806191,20.612572,1.0035162,4.325142,1.8319738,2.0185804,-2.5126958,3.5046175,-6.2582355,3.690152,-2.8071394,3.394574,-2.471325,1.2739011,-5.422375,0.52830786,-3.833073,3.0126302,1.6091635,5.0625844,-6.225284,-0.25480384,-8.494093,1.3030328,-1.3468628,4.9489846,-1.2707435,-0.812739,-4.940324,0.17972398,-1.2177764,-0.8714685,-6.3192286,-3.6719687,-6.307284,-0.8407281,-2.5362709,3.0622857
-120.01028,122.699036,-21.595123,18.87363,-0.573208,15.144451,-6.7852,12.383533,-14.911916,6.2058105,-4.2737284,-1.7992657,-1.8382949,0.019750165,-1.7833232,-4.385478,-3.002508,-0.53352165,-3.3794365,-1.7065849,-6.2783036,-4.7338634,-10.484848,-2.3733106,-8.118089,-3.2974913,-9.414268,-2.378676,-4.375556,-0.7355137,-7.446855,-2.8870609,-3.007731,2.480821,-0.706087,1.9368693,-2.085409,0.926344,-5.451309,-2.0688782
-215.51653,106.31062,50.487015,25.814283,15.125082,11.657426,10.427944,9.94057,3.2072146,8.165707,0.8051466,-3.3094168,-1.8240993,-1.9860936,-5.2880225,0.14764796,-5.665817,1.7843664,-5.2685537,1.1096582,2.8819497,6.0674987,2.3083692,5.3811727,1.7046866,0.4096432,-1.7576662,3.4176188,0.45852792,6.237382,1.2577987,-0.15954266,-2.6015933,1.0407765,-0.86701536,2.414799,-1.6694242,-0.8786623,-4.136436,0.622616
-79.16379,84.89522,-22.619307,21.572342,0.54395556,-1.4089297,1.7533864,4.4032,-9.361334,9.712185,-6.2713857,7.056129,-1.0400819,0.8447634,-1.2263422,3.5493262,-5.8647556,4.6191344,-2.6326025,2.0121398,-0.118583985,6.2417727,-0.7705512,3.6586254,-1.6402955,1.0069276,-4.809026,1.0333533,-4.231749,1.8910904,-3.5318365,-0.17978123,-4.288154,-0.0866676,-3.580049,0.807836,-2.8250463,1.5950066,-3.4037874,0.09750691
-56.859985,92.641685,34.446274,27.564974,5.287643,17.372778,3.243797,14.532101,-2.2154891,6.487208,1.9599503,5.7561398,-0.7971894,0.8570552,-0.52193135,3.3645685,-1.341071,4.3662467,-0.18990156,2.75184,-2.9784641,5.5831113,3.154326,4.121083,-0.6365523,4.585242,-4.564921,0.8326616,-1.8392586,2.5175076,-2.7149067,2.0265799,-3.9745378,0.36604553,-4.4187617,0.8870666,-1.5009084,1.77686,-2.6329403,-0.19215146
-102.21302,77.05135,8.152829,21.383654,-3.7105682,7.486209,-11.272212,1.0079259,-6.786027,-0.42215,-5.458386,-1.0413971,-4.988067,-2.461006,-4.3169537,-3.1380887,-8.857127,-2.400064,-9.200226,-0.7605966,-3.0673223,0.20268822,-10.0860615,-6.879919,-8.072012,0.27948698,-1.6006135,-0.7379515,-5.8590007,-3.019913,-3.177757,2.966528,-2.2808313,-1.0757768,-8.792801,-3.2710962,-3.914931,4.651346,1.645525,7.2189865
35.220592,61.332226,-8.044865,23.330963,-5.866633,12.403359,1.1344368,11.93403,0.37385035,6.9677887,-2.5931282,4.475308,-1.4305246,5.4387155,-5.841203,0.7855527,-5.5456,2.0651257,-1.7735949,5.2680473,-3.7640846,0.5909026,-5.6291223,0.23719642,-5.864601,2.9238813,-5.088589,-0.052063696,-5.0477057,-2.247686,-3.779968,5.7633467,-0.7889751,0.59539443,-4.4023266,0.24033137,-3.5720208,1.9351251,1.0861627,5.2249
-36.639362,44.40807,35.068985,26.303303,12.260026,1.4554268,14.551141,0.63880265,-5.3476005,17.238693,-3.1931312,10.618332,1.5777204,9.501164,1.341649,1.6068622,-1.9986863,5.277457,-6.1804256,5.154412,-2.2893672,3.6628516,0.3070251,8.005697,2.423239,10.329913,4.1737957,8.82117,1.2838743,6.1556053,-1.1655939,1.0225594,-2.3027375,2.347306,-0.5076368,3.472115,-2.6555798,1.2423223,-3.7808042,0.91183555
-72.45368,89.552765,3.642555,21.379564,-10.780875,7.5241184,1.0042237,2.4986157,-8.791298,5.28793,-0.97211224,7.2753663,3.3681138,1.5260957,-7.784302,5.853671,-5.6770997,0.15653713,-1.6858553,-0.85586804,-5.6219177,1.8746933,-4.7386155,0.2636012,-6.092962,1.2901874,-4.2833657,2.3275533,-1.8926439,1.7397325,-0.59972066,1.5868084,-2.3347266,1.2909697,0.3178453,3.1564212,-1.3996698,1.8340105,-3.6184263,0.2856271
-92.87872,92.39769,-19.649567,7.173881,20.572014,7.890528,4.6894784,12.57425,-4.7314496,10.756576,-0.51845604,5.0569253,10.22131,4.8390927,6.327755,10.548731,0.22425026,5.5471015,6.428407,2.2132058,-0.29006374,3.69385,-2.7060418,3.374511,-0.57921505,3.6468785,-0.5872834,2.518096,1.4522744,6.23409,3.6243057,7.794618,4.329582,6.7284265,1.5656477,3.9427056,-0.3478405,3.3492663,-0.68648875,4.3240666
-225.28009,137.69807,51.31553,11.662874,11.146957,19.835155,9.910304,11.019862,6.6122456,4.3963475,2.975878,7.0260944,6.284749,6.263765,2.640339,7.212599,0.6751234,-0.76511496,0.4186444,5.7793036,6.1038756,6.097359,3.629687,3.1538944,-0.5622328,1.2178339,-3.356697,-3.5319636,-1.2211397,8.80639,10.902732,1.4836991,-8.115793,-3.6612394,1.2514225,4.5390615,-2.628275,-0.6618426,4.09331,3.8111527
-162.45168,99.3303,34.47718,22.629656,23.188694,20.075775,13.94423,15.609705,-2.746442,15.189471,1.9424136,7.5909157,4.034368,13.187766,8.5664215,7.511467,2.9021347,5.774369,0.075095914,3.3409994,-1.6818677,6.928395,-0.15827413,2.5448384,3.3676097,0.9745637,1.7038532,1.7200383,0.98574376,4.453117,-0.07653166,2.0330515,-3.1904116,3.3999496,-1.6404431,3.7890148,0.16406949,4.030629,0.60758466,0.7151465
-39.034542,54.01639,7.106759,24.449265,17.710007,22.399534,-7.458199,12.649484,3.5647895,4.2948785,-1.8276131,6.7629294,-3.210676,8.277735,0.8817939,6.1833024,-1.6956292,3.1808693,3.2127156,8.040417,1.4468626,2.0117617,-4.4247785,3.339645,-5.9967966,0.6268662,-2.1108515,-1.5265425,-5.0292244,1.026586,-7.0935884,0.55045825,-3.7971928,1.3845948,0.40466657,6.284435,2.636986,9.059809,2.8911557,4.917064
-108.77865,71.3121,8.793163,10.402087,1.1438688,17.834501,4.214388,11.922894,4.143836,3.8965096,-2.807455,2.7214763,-1.4765385,1.0639277,-2.8170993,2.1312406,-0.41702482,5.7238536,-0.16716519,2.8334954,-0.23956455,4.799914,-1.9320084,5.609307,-2.2830265,3.8523698,-0.54578876,0.74056643,-3.9457593,1.5165908,0.9259545,-0.012180505,-4.901445,0.3242857,-0.12934351,1.0925957,-2.1858237,3.5497918,-2.686577,-0.5284518
-42.169872,76.27179,-19.420414,25.782774,5.0475845,6.8206973,-6.6104484,7.203881,-1.5932355,5.2222404,-2.6006122,2.5935552,-2.6243007,2.0938993,-3.3710816,2.4004216,-4.4267325,1.6184108,-4.6565967,2.499043,-4.2877965,2.4797513,-3.079665,1.7051216,-3.675184,-0.22868565,-4.2062483,1.627839,-4.311607,1.8540875,-1.9212788,3.544129,-1.5666953,1.4755459,-2.421511,2.7491825,-1.9278725,1.1232507,-2.2398431,2.9292846
-91.48218,104.7687,-27.943947,32.16023,5.9292974,16.493599,2.9089408,9.325989,-4.600546,6.122033,-1.0351357,10.676534,-4.374227,-0.6774347,-8.871441,2.385398,-3.6540496,4.79065,-5.3755856,-1.4203442,2.2560484,8.797806,0.44741908,5.369244,0.20481569,1.088862,-5.3421397,0.71248716,-4.4048963,-0.29523325,-6.026357,0.33299974,-5.249408,-2.2523038,-6.526901,-1.08023,-2.743689,-0.10439137,-6.4447393,-0.62143993
16.461998,78.98593,-12.607465,18.757988,12.378034,5.8906097,1.3863925,12.408223,-7.398808,4.70145,3.260805,9.378209,-0.9718397,4.9555984,-4.1521187,1.4474577,-5.273841,4.821849,2.022455,9.502338,6.9939413,8.676081,-1.1781015,2.64283,-2.2561402,3.9968069,-1.9536766,3.9843524,-1.6523103,3.5432105,-1.0108186,1.1855007,-3.7281709,2.3845155,1.2562244,4.277156,-0.418824,2.72022,-2.4797976,2.244477
-70.521416,90.12485,-12.178479,44.16034,-4.8421597,19.368256,-14.114475,9.475602,-4.2343698,8.013904,-6.015429,9.036331,-1.7982836,-3.899901,-12.640274,-3.5048008,-10.004475,0.79934984,-4.7930746,1.0023264,-4.8910127,5.386844,-5.6977487,-4.399094,-8.194366,-3.1086094,-7.140249,-0.5208141,-1.6747608,2.8892663,-6.0462875,-1.4660454,-1.9288825,3.3136754,-6.162153,-3.7252994,-5.120054,1.1119783,-7.18197,-4.8576646
-66.41971,73.11869,6.428485,30.087622,9.069997,15.81512,-3.373387,2.4663372,-0.9018014,-0.6834415,-4.416434,5.5032187,-8.251539,-4.7385573,-5.1872573,-2.9668396,-9.648208,-3.2928078,-8.258992,-0.40761498,-6.9959803,-3.8860135,-10.116962,-4.8297143,-7.096872,0.99127954,-1.9246874,1.5554407,-2.8253598,-3.4169445,-9.176156,-1.7521585,-4.190488,1.6576211,-1.7599002,-0.34571633,-3.0056193,3.6488314,-6.2893534,-0.43698603
23.437387,104.409584,-12.591123,31.132465,-1.9682508,10.134271,-4.6436086,13.837521,-3.8364637,7.9292912,-0.9611237,6.399458,-0.9565039,4.419972,-1.8926316,5.110406,-4.8112364,0.271142,-2.2600927,2.3344915,-1.9415855,6.221871,-3.2720897,-0.93399,-4.143827,1.3411483,-2.7535536,3.1449645,-1.447991,3.1484377,-3.3621671,0.21227215,-4.971745,-1.0283803,-5.5096936,-0.668411,-4.413702,-1.5940359,-3.2605057,2.1317883
14.913068,83.36157,-9.154519,27.437773,2.9913094,12.381603,-2.1021698,10.198253,0.49722195,12.209788,-0.94284576,8.485101,-0.44829458,6.1989155,-3.0852027,1.0301697,-5.444076,3.8535836,-4.676855,2.64294,-2.959319,1.9942385,-5.2065597,3.1932237,-0.10145291,4.9678392,-0.93278706,4.610821,-0.8318368,2.4660635,-3.0599473,-0.21324165,-1.239177,2.3684042,0.7403886,3.3210166,-0.7858328,3.3077488,-2.7023382,0.27622083
20.060242,73.186844,-9.05107,28.208897,4.713929,19.883345,0.96147037,12.830393,-1.8997234,9.685108,-2.2612262,6.9295096,-1.5058136,4.300779,-4.2905116,1.5151067,-5.034524,1.5784281,-3.6493134,0.4648446,-2.0105128,4.5866027,0.21196744,6.084956,-0.6897927,1.1376594,-4.2028856,-0.062238812,-5.4184775,1.0818729,-0.5155062,2.759862,-3.527566,2.4363434,0.03518717,3.6832225,-1.2273191,3.2278678,-3.834693,-0.61639786
-44.47693,133.36629,4.7289414,22.741434,1.1028388,13.758226,-2.0030174,5.6134996,-4.196505,4.651718,-0.7728451,-0.9722037,-9.382844,1.4319267,-2.5359092,2.7660065,-2.6694858,4.510927,-2.0104578,1.8510662,-4.487278,1.3208556,-4.3443975,-0.10915481,-5.21909,-0.22281389,-5.3163557,-0.96282035,-4.871914,1.2617811,-2.09924,0.053816818,-2.7703006,0.7115965,-0.9556895,3.2340128,-0.19068058,4.3517213,1.5251952,1.3276224
-73.144035,86.922035,-22.918148,36.931774,8.351337,11.753615,7.7075505,9.409998,-4.756194,7.855382,-6.629348,-1.1576527,-3.979217,1.8136652,0.05531004,-2.363793,-5.7196126,-0.32559875,-4.702206,1.135005,1.1364028,0.098552406,-5.5147567,0.61419153,-4.4990754,-0.32559255,-2.4329484,3.7141302,-3.491059,-0.50475514,-4.1581254,-1.3335627,-1.1599673,0.058722008,-3.8497152,-0.48202065,-0.77225244,0.12748113,-2.4288049,3.1019027
12.557051,71.67279,-18.791334,52.93353,3.1906807,8.120899,-1.5216106,11.536018,-5.322357,10.948004,-0.5298791,10.562097,-10.862275,-2.7489939,-1.3736207,1.5102984,-10.303231,0.8613863,2.234939,-1.3525251,-10.036733,3.8518195,-5.043042,1.5993459,-7.374487,0.86337185,-2.4095285,6.739701,-3.917457,-0.3479206,-8.158719,0.26275587,-6.6781425,0.6449431,-6.0538397,-2.7167253,-8.492863,1.0558214,-1.6598592,4.62752
-102.68349,83.47573,-8.724729,34.62586,-7.9071994,9.973635,-0.17702742,6.4903607,-5.297664,8.804237,2.2640512,-0.8125304,-0.6853614,1.148302,-3.469883,5.1762214,-6.8550177,3.0280676,-1.7499416,2.3207803,-1.8440877,4.444541,-3.8710477,1.438863,0.21150477,3.2177794,0.7951027,-0.26620555,-3.204114,0.2351087,-2.6087666,2.2455904,-3.8757339,1.3242477,-4.2371817,0.3202554,-2.7612736,2.99975,-2.2427776,4.1946654
-32.796215,69.94781,9.048428,21.45694,0.117275275,14.043876,9.777051,8.882982,5.1746316,11.534249,-1.3283298,7.8808217,5.2247486,6.3255916,6.494508,9.690995,1.9798449,7.4168,-2.0898488,6.945472,-2.7974002,6.6991634,-4.1091914,5.624017,0.36756313,5.6157274,2.964639,8.541018,4.450196,8.034521,-2.0798283,-2.486814,-6.1332393,0.9420273,-1.4576356,2.3658044,-2.0587919,1.6088154,-2.626759,1.1916358
-87.951645,101.69067,19.697475,32.96721,7.641776,4.1711874,6.5912943,8.35361,-7.944656,8.678148,-10.690139,6.1988506,-5.759881,2.5214958,-7.6832476,7.687089,-8.517904,3.2189283,1.6661634,3.5134282,-2.7154992,4.9507976,-2.6401556,1.219983,-2.2660332,4.286343,-1.484722,1.4958069,-4.1033816,-0.4070459,-0.8788883,1.0454533,-5.460696,-0.5708642,-3.251058,1.8043184,-3.9122076,0.87795275,-4.5351644,4.7261972
-53.40186,89.29065,-10.606042,28.7584,-6.239384,10.017341,-10.390158,3.8782034,-3.9488068,3.0403142,-6.4967422,1.5877062,-6.5873904,-2.679803,-6.6822143,-4.039834,-7.7266855,2.2094615,-3.004042,-0.6308342,-1.5271323,-2.9536195,-8.701691,-3.8016589,-7.2485013,-4.7413077,-5.055355,-1.7451242,-4.8350167,-3.0545726,-7.7207174,-2.099127,-5.8528767,1.0481787,-4.5038323,-3.0488126,-4.3552966,-0.2527159,-6.1855555,0.8750515
59.662376,65.690895,-11.901271,13.930315,-8.893363,5.242683,8.080594,11.122466,-9.8365555,3.9866161,-5.289103,4.881742,-3.075797,2.5718362,-6.4444666,2.5157976,-0.088017136,3.2599092,-2.3837295,4.338706,-7.6305017,-3.833051,-4.595571,2.1806421,-4.1483016,2.0726006,-2.6686225,1.4995614,-4.237013,2.4543297,-1.8794258,-0.8708591,-5.6798577,1.5990168,-3.981718,0.4792429,-3.0967247,0.71632713,-1.6341724,2.7711575
-33.835796,63.820446,-20.561731,37.878784,13.954186,12.474633,-11.833425,7.2132897,-5.2335653,11.861077,-1.4275869,9.130177,3.5349276,10.750224,0.31917042,15.227242,5.489343,10.313613,7.2349663,10.169968,1.4874513,9.981634,1.74902,4.940789,-2.743514,3.2939649,-3.574824,3.1696744,-2.41562,0.15521193,-2.030846,-1.0430378,-6.6447535,-0.49120843,-5.4542646,-0.15199244,-4.3322415,1.1892803,-0.46586293,7.653265
-88.01074,96.135704,-12.509932,31.012608,4.783396,12.24274,-0.2578196,3.4206717,-5.417596,11.7779665,-5.433924,5.661273,-7.289955,-1.1588985,-7.9854255,5.90269,-3.7226477,4.4253173,-3.7003634,-1.5902032,-1.9461511,5.1296926,-0.07878087,-1.1642535,-6.5413632,-3.2526178,-9.177583,-0.7654334,-3.3375769,3.750085,-4.976245,1.5899571,-2.0969718,1.1559473,-4.007119,-0.5614351,-6.616631,-4.355985,-5.808795,-2.7434332
-4.0360885,80.26686,-14.07261,45.899815,7.4619465,2.255532,-3.5585666,6.339229,0.1540912,4.5107856,-0.13559482,5.116989,-1.8837532,5.9674444,0.6194114,3.9138935,-9.37818,-1.0763689,-2.1621132,4.391539,-2.7029757,2.9848008,1.0033234,4.6633763,-6.923632,0.7377248,-0.9295695,6.3357763,-3.229224,-0.6626613,-4.1254888,1.5340912,-2.6939702,5.6859646,-0.73565865,2.564641,-1.4367744,0.7709582,-3.7099004,0.6387259
-40.883446,81.56106,-19.440039,36.62812,-8.032993,9.752943,0.57306826,4.873663,-6.5090604,-2.1814606,-4.2896214,-2.3092608,-5.21549,-1.5597687,-11.801601,-0.15529427,-11.187503,1.7529768,-3.9523778,0.17158622,-6.741268,0.22174875,-8.696483,0.39084744,-6.6145525,3.464397,-4.0711756,-3.068988,-9.184989,-1.0796784,-0.32917696,3.4497948,-2.092893,2.3699503,-2.6285193,2.8110187,-2.0581236,6.2552037,-1.3497772,3.4089148
-61.47032,74.62816,13.569023,22.426275,2.6016152,10.863219,-2.2066221,10.011284,0.33945534,12.739893,-1.6020929,16.11668,9.598704,3.53012,4.969137,13.486067,-0.034339458,10.764945,11.092003,7.540606,1.4074038,3.302035,-5.319377,0.89766437,0.0059064506,4.2273574,-4.4019675,2.5198605,-2.918695,1.2294625,0.30826724,4.8399143,0.10761017,0.032240264,-5.3977933,0.8493152,-3.0431721,4.015643,-2.5555844,2.411864
-36.61934,90.26747,-19.92793,34.073112,3.645701,10.659462,-8.926056,3.9463549,-2.45566,6.4968014,0.61547804,1.7106117,-10.423961,2.7095032,-3.573526,0.14013974,-5.8062115,-3.7898033,-8.86363,-6.7178326,-10.181564,-2.3508325,-10.740144,-2.718327,-4.465233,-1.5558774,-8.531431,-0.04854284,-6.13688,-4.945911,-5.646757,-0.94202113,-2.7589025,0.2582995,-4.879616,-1.1217228,-4.718654,-1.0207257,-5.139616,-2.0266874
-14.528656,89.253654,-20.349247,39.54627,1.3042732,14.80215,-2.6369417,18.040226,2.3664913,12.903497,0.6054731,5.921897,-3.6391351,1.0067996,-0.011085192,0.79366904,-4.1863313,1.4804002,-2.8084362,1.8626693,-3.3368635,3.402327,-3.8852286,0.25127858,-6.302825,-4.3100376,-5.8753133,4.004092,-1.7559592,-0.5890393,-5.7280045,-0.7493822,-5.7090163,1.3190479,-2.6465776,-1.11924,-5.181069,-0.9218719,-4.330146,-0.94716454
-57.827145,71.6054,25.268354,32.397747,18.831806,9.37715,-2.533153,15.444793,-7.085196,12.992786,-1.181548,10.499134,-0.143917,7.843232,2.7679667,10.593949,-0.4879235,11.934801,0.48499706,11.837398,2.976653,8.298192,-1.7325488,4.0664616,0.9791634,2.4783027,-2.9439328,3.3266413,-2.177857,8.73985,-1.2015276,2.9945428,-2.7305884,0.15467924,0.7235018,2.0082583,-2.4380867,3.200811,-1.1773401,0.8736865
-26.634258,95.72817,22.862698,18.507416,9.696962,17.053646,2.6762846,7.11034,5.006016,9.98276,0.33480164,10.387564,-1.9133142,7.7127085,-1.2961186,3.874924,0.84989405,1.8315268,1.0420302,4.820995,0.75092584,3.635741,0.43532202,5.0769105,-1.2854284,4.0580955,-1.0793027,6.2524915,1.5195687,3.5393913,-1.4016888,0.8615012,-2.0071235,3.6538403,0.7259001,3.9923296,-1.7726337,2.8780239,-2.6887317,4.653059
-177.24521,145.35889,28.738039,0.9014821,3.3567314,13.967797,-2.2827053,-6.4237504,-3.533386,5.5966587,-2.6726105,-5.0252533,-5.4145985,1.5986403,-0.72986484,-0.2689585,0.58003116,7.6738605,1.3919704,-2.1694226,-2.3507843,3.855848,-0.06206482,-1.7746357,-6.2613897,0.6050113,3.377395,6.955976,2.151557,-1.177656,-5.567484,-0.67271,1.095747,5.276516,2.778785,0.8915284,-1.7693453,0.52781963,-2.1546946,0.034440458
-111.57959,65.49278,40.677303,15.386985,14.496443,12.372218,15.03544,7.4188757,-0.80575436,9.310421,-3.538239,5.6792173,7.474368,8.611585,0.54499465,4.4622836,-2.9663455,5.4647164,-3.6772318,0.60681766,-4.6215644,-1.0219588,-2.2677553,6.420945,-0.12338899,5.8374085,-3.9372616,0.73972076,0.9795545,3.7361746,-4.944497,-1.4711553,-4.9016113,-2.7056813,-2.364234,2.216708,-0.49553436,0.18249606,-2.1265147,1.6575456
-102.86767,110.47016,-1.8560555,32.700756,12.842961,6.8609447,-3.0935686,5.050992,-8.237241,5.339729,-3.337044,4.150521,-0.6518276,-0.537583,-0.4350712,4.2997255,-2.546025,4.3497834,-1.8867701,4.744505,-1.4848726,2.611128,-2.1854343,0.86598,0.24246067,2.3788617,-1.5175595,0.9165744,-1.7516896,-0.68965,-3.245413,1.3405867,-0.31252024,3.6635962,0.74697745,2.4770882,0.63844043,2.8616576,0.3089972,1.2265819
-9.349286,85.35634,4.022888,20.46637,3.829929,15.305434,0.9672714,10.996262,0.5411017,8.688647,-0.20350397,8.866291,-2.7807133,6.780191,1.0292196,5.163866,0.7211144,3.215044,-0.07176631,1.645171,0.2702577,2.2653654,1.2532483,2.7175043,-1.6259025,0.7154204,-5.5032024,1.4645706,-2.982704,6.974496,1.0841225,1.6474447,-3.249023,1.3268007,0.269033,2.1143575,-2.118487,-0.23786014,-2.2920501,1.579703
-135.28107,129.23807,19.214354,24.622381,13.53078,11.569079,0.42380196,5.999877,3.8066974,3.0775151,-5.6518493,-1.8284742,-6.9416714,0.20312963,-4.9867134,-2.0872602,-6.182736,-1.5215179,-3.0005517,0.6335341,-3.729316,0.59158874,-2.091863,1.9182031,-3.187084,-1.5589718,-1.7876732,3.589967,0.253833,-3.0000343,-3.829967,3.0808313,1.3083054,-0.26232222,-3.2569568,-1.4368109,-5.234015,-0.5029519,0.96837914,5.0061884
-170.14166,99.00211,26.6157,44.59675,7.8671794,11.3743725,-6.876803,4.512605,-6.832007,3.134848,-6.038953,-1.9200912,-6.1937466,-0.67628556,-5.954662,-0.22732194,-4.005685,-0.22652745,-2.3206942,3.6374738,-5.691711,1.5477475,-2.6344028,0.1282674,-5.4287705,4.2333484,-4.314807,0.4928495,-3.4947302,2.4129105,-2.1185915,-1.490159,-6.3908005,-1.8955195,-5.8569446,1.6356522,-2.0449088,0.36275083,-2.4365654,0.321905
-43.42259,88.38656,13.213777,29.733057,14.668658,12.234778,-1.1358062,10.043209,3.904619,5.911254,1.1039566,5.839387,-5.5914516,2.9044926,-1.3771793,5.556877,-0.72709167,6.771797,2.6627107,6.3082833,-4.1358743,4.6857977,-5.5845103,0.30474073,-1.5872805,3.1518083,-4.241254,0.588985,-4.8248215,3.6192286,-0.029152175,2.6655004,-3.1032288,0.48331213,-3.1228054,2.2527215,-3.9606261,2.9839067,-2.1598287,1.6507024
-8.447764,96.647026,-24.446411,41.49514,7.4266195,16.989706,-0.7442498,18.25435,3.0976493,4.577947,-1.6914902,6.318748,-1.4153665,2.2480865,-2.0048957,3.5557683,-3.2197587,4.982075,-0.0031530187,1.7465675,-7.672845,1.0730451,-3.70583,-1.8925265,-7.6120343,-0.78920335,-1.2381308,0.37445006,-6.1227818,-1.269269,-4.0929894,0.65584826,-5.6907177,-3.1359637,-5.2868094,-1.6766196,-5.837597,-2.9800847,-4.6008415,-1.2337986
-82.64862,75.39533,-23.182327,55.242718,-1.5004138,8.628244,-3.9111955,7.5013666,-4.194028,14.523021,-5.086038,8.949122,-1.4363601,-6.964682,0.20240086,-2.2026181,-7.091315,7.5791416,-4.302679,3.9504516,-14.612529,-3.79496,-4.168877,6.7728796,-2.2917264,1.2274445,-5.005301,-1.4617759,-7.219755,-1.2410219,-4.204804,2.6676755,-2.9046347,-3.5913155,-6.479889,0.288937,-4.6774554,0.83782524,-4.8032975,1.263162
-21.86306,86.49238,-33.060932,41.669643,2.675533,11.488685,-9.062378,3.8904734,-6.6973057,6.480213,-3.2048888,7.13765,-4.387781,1.1437376,-2.7395654,3.5912557,-5.6521845,2.6895037,-4.596553,-3.420781,-10.487578,-0.5644396,-2.4457688,-0.36614063,-7.3700013,0.44050592,-1.4285446,2.956552,-1.2895706,3.7705448,-3.9473782,-2.090908,-5.3782153,-1.5146639,-3.722598,-0.7797483,-2.6502066,0.25800818,-4.2362275,2.7120626
-62.149525,95.74996,-7.7969885,30.392971,7.312494,9.607647,-3.4686272,5.991875,-12.266307,4.4420347,-10.071877,4.29737,-12.27672,-2.3626058,-7.964602,0.20270978,-13.305034,-1.2467133,-5.6679254,-1.9736185,-7.523457,-2.3632963,-6.810556,-0.8479191,-1.8793112,1.0452749,-0.4255539,-0.12429961,-4.7289224,0.39401639,-7.391145,0.6249944,-3.9389951,3.1556644,-0.38323772,2.6984224,-2.8462405,1.2705762,-4.920054,-1.3199575
